========================================================================================================================
MPI SpMV Performance Metrics
========================================================================================================================

STRONG SCALING (MPI-only)
------------------------------------------------------------------------------------------------------------------------
Matrix                Procs    Time(s)    Speedup Efficiency(%)    GFLOP/s    Comm(%) Imbalance(%)
------------------------------------------------------------------------------------------------------------------------
af_shell8                 1     0.0113       1.00        100.0       1.60        0.0         0.00
af_shell8                 2     0.0084       1.35         67.3       2.15       31.1         0.66
af_shell8                 4     0.0097       1.17         29.3       1.87       59.3         0.68
af_shell8                 8     0.0091       1.25         15.6       2.00       73.8         0.72
af_shell8                16     0.0098       1.16          7.2       1.85       79.9         0.76
af_shell8                32     0.0237       0.48          1.5       0.76       94.0         0.94
af_shell8                64     0.0152       0.75          1.2       1.19       91.3         1.12

audikw_1                  1     0.0688       1.00        100.0       1.14        0.0         0.00
audikw_1                  2     0.0407       1.69         84.5       1.93       19.0         0.03
audikw_1                  4     0.0355       1.94         48.5       2.22       43.3         0.10
audikw_1                  8     0.0246       2.80         35.0       3.19       56.5         0.13
audikw_1                 16     0.0252       2.73         17.1       3.12       68.3         0.36
audikw_1                 32     0.0373       1.84          5.8       2.10       84.8         0.48
audikw_1                 64     0.0677       1.02          1.6       1.16       93.2         0.94

fidapm37                  1     0.0009       1.00        100.0       1.79        0.0         0.00
fidapm37                  2     0.0005       1.67         83.5       2.99       12.6         1.87
fidapm37                  4     0.0004       2.26         56.5       4.05       38.2         3.40
fidapm37                  8     0.0003       2.70         33.8       4.84       62.2         3.88
fidapm37                 16     0.0004       2.23         13.9       4.00       80.7         5.52
fidapm37                 32     0.0013       0.67          2.1       1.21       97.0         8.27
fidapm37                 64     0.0014       0.61          1.0       1.10       98.4        21.48

========================================================================================================================
